ASTAR
Initial state:
1122
1134
3334
3344
0220


Cost of the (optimal) solution: 53
Number of states expanded: 10522
Number of stated generated: 11325

(Optimal) solution:

0
1122
1134
3334
3344
0220

1
1122
1134
3334
3344
0022

2
1122
1134
3034
3344
0322

3
1122
1134
0034
3344
3322

4
0022
1134
1134
3344
3322

5
0220
1134
1134
3344
3322

6
2200
1134
1134
3344
3322

7
2204
1130
1134
3344
3322

8
2240
1130
1134
3344
3322

9
2240
1134
1130
3344
3322

10
2244
1130
1130
3344
3322

11
2244
1103
1103
3344
3322

12
2244
0113
0113
3344
3322

13
2244
0113
3113
3344
0322

14
2244
3113
3113
0344
0322

15
2244
3113
3113
3044
3022

16
2244
3113
3113
3404
3022

17
2244
3113
3113
3440
3022

18
2244
3110
3113
3443
3022

19
2240
3114
3113
3443
3022

20
2204
3114
3113
3443
3022

21
2204
3114
3113
3043
3422

22
0224
3114
3113
3043
3422

23
3224
3114
0113
3043
3422

24
3224
3114
3113
3043
0422

25
3224
3114
3113
3043
4022

26
3224
3114
3113
3403
4022

27
3224
3114
3113
3003
4422

28
3224
3004
3113
3113
4422

29
3224
3040
3113
3113
4422

30
3220
3044
3113
3113
4422

31
3022
3044
3113
3113
4422

32
0322
0344
3113
3113
4422

33
0322
3344
3113
0113
4422

34
3322
3344
0113
0113
4422

35
3322
3344
1103
1103
4422

36
3322
3304
1143
1103
4422

37
3322
3340
1143
1103
4422

38
3322
3343
1143
1100
4422

39
3322
3343
1143
1122
4400

40
3322
3343
1143
1122
4040

41
3322
3343
1143
1122
4004

42
3322
3343
1143
1122
0404

43
3322
3343
1143
1122
0044

44
3322
3343
0043
1122
1144

45
3322
3343
0403
1122
1144

46
3322
3343
4003
1122
1144

47
3022
3343
4303
1122
1144

48
3220
3343
4303
1122
1144

49
3223
3343
4300
1122
1144

50
3223
3343
4322
1100
1144

51
3223
3343
4322
1140
1104

52
3223
3343
4322
1104
1104

53
3223
3343
4322
0114
0114

