BFS
Initial state:
4114
4114
3322
3322
0220


Cost of the (optimal) solution: 53
Number of states expanded: 26412
Number of stated generated: 28395

(Optimal) solution:

0
4114
4114
3322
3322
0220

1
4114
4114
3322
3322
0022

2
4114
4114
3022
3322
0322

3
4114
4114
3220
3322
0322

4
4114
4114
0220
3322
3322

5
4114
4114
2200
3322
3322

6
4114
4110
2204
3322
3322

7
4114
4110
2240
3322
3322

8
4110
4114
2240
3322
3322

9
4110
4110
2244
3322
3322

10
4011
4011
2244
3322
3322

11
4011
0411
2244
3322
3322

12
4411
0011
2244
3322
3322

13
4411
2211
0044
3322
3322

14
4411
2211
3044
3322
0322

15
4411
2211
3344
3322
0022

16
4411
2211
3344
3322
0220

17
4411
2211
3344
3322
2200

18
4411
2211
3344
3300
2222

19
4411
2211
3304
3340
2222

20
4411
2211
3300
3344
2222

21
4400
2211
3311
3344
2222

22
4040
2211
3311
3344
2222

23
0440
2211
3311
3344
2222

24
0404
2211
3311
3344
2222

25
0044
2211
3311
3344
2222

26
2244
0011
3311
3344
2222

27
2244
0311
3311
3044
2222

28
2244
3311
3311
0044
2222

29
2244
3311
3311
2244
0022

30
2244
3311
3311
2244
0220

31
2244
3311
3311
2244
2200

32
2244
3311
3311
2240
2204

33
2244
3311
3311
2200
2244

34
2244
3300
3311
2211
2244

35
2240
3304
3311
2211
2244

36
2200
3344
3311
2211
2244

37
0220
3344
3311
2211
2244

38
3220
3344
0311
2211
2244

39
3022
3344
0311
2211
2244

40
3322
3344
0011
2211
2244

41
3322
3344
2211
0011
2244

42
3322
3344
2211
2211
0044

43
3322
3344
2211
2211
0404

44
3322
3344
2211
2211
0440

45
3322
3344
2211
2211
4040

46
3322
3344
2211
2211
4400

47
3322
3344
2200
2211
4411

48
3322
3344
0220
2211
4411

49
3322
3344
0022
2211
4411

50
3322
3344
2222
0011
4411

51
3322
3344
2222
0411
4011

52
3322
3344
2222
4011
4011

53
3322
3344
2222
4110
4110

