BFS
Initial state:
4443
1133
1133
0223
0422


Cost of the (optimal) solution: 179
Number of states expanded: 401810
Number of stated generated: 409403

(Optimal) solution:

0
4443
1133
1133
0223
0422

1
4443
1133
1133
0223
4022

2
4443
1133
1133
0223
4220

3
4443
1133
1130
0223
4223

4
4443
1133
1130
2203
4223

5
4440
1133
1133
2203
4223

6
4440
1103
1133
2233
4223

7
4400
1143
1133
2233
4223

8
4040
1143
1133
2233
4223

9
4004
1143
1133
2233
4223

10
0404
1143
1133
2233
4223

11
0044
1143
1133
2233
4223

12
1144
1143
0033
2233
4223

13
1144
1143
2233
0033
4223

14
1144
1143
2233
4033
0223

15
1144
1143
2233
4033
2203

16
1144
1143
2203
4033
2233

17
1144
1103
2243
4033
2233

18
1104
1143
2243
4033
2233

19
1140
1143
2243
4033
2233

20
1143
1143
2240
4033
2233

21
1143
1143
2204
4033
2233

22
1143
1143
2234
4033
2203

23
1143
1143
2234
4033
0223

24
1143
1143
2234
0033
4223

25
1143
1143
0034
2233
4223

26
0043
1143
1134
2233
4223

27
0403
1143
1134
2233
4223

28
0443
1103
1134
2233
4223

29
4043
1103
1134
2233
4223

30
4403
1103
1134
2233
4223

31
4403
1133
1134
2203
4223

32
4433
1133
1104
2203
4223

33
4433
1133
1140
2203
4223

34
4433
1133
1100
2243
4223

35
4403
1133
1130
2243
4223

36
4400
1133
1133
2243
4223

37
4040
1133
1133
2243
4223

38
4004
1133
1133
2243
4223

39
0404
1133
1133
2243
4223

40
0044
1133
1133
2243
4223

41
1144
1133
0033
2243
4223

42
1144
1133
2233
0043
4223

43
1144
1133
2233
4043
0223

44
1144
1133
2233
0443
0223

45
1144
1133
2233
0443
2203

46
1144
1133
2233
0403
2243

47
1144
1133
2233
0043
2243

48
1144
1133
0033
2243
2243

49
0044
1133
1133
2243
2243

50
0404
1133
1133
2243
2243

51
4004
1133
1133
2243
2243

52
4040
1133
1133
2243
2243

53
4043
1133
1130
2243
2243

54
4403
1133
1130
2243
2243

55
4403
1133
1133
2243
2240

56
4433
1133
1103
2243
2240

57
4433
1133
1143
2203
2240

58
4433
1133
1143
2243
2200

59
4433
1133
1143
2243
0220

60
4433
1133
1143
2243
0022

61
4433
1133
1143
0043
2222

62
4433
1133
1143
0403
2222

63
4433
1133
1103
0443
2222

64
4403
1133
1133
0443
2222

65
4403
1133
1133
4043
2222

66
4043
1133
1133
4043
2222

67
4043
1133
1133
4403
2222

68
0443
1133
1133
4403
2222

69
0443
1103
1133
4433
2222

70
0403
1143
1133
4433
2222

71
0043
1143
1133
4433
2222

72
1143
1143
0033
4433
2222

73
1143
1143
4033
0433
2222

74
1143
1143
4033
4033
2222

75
1143
1143
4303
4303
2222

76
1143
1143
4330
4330
2222

77
1140
1143
4333
4330
2222

78
1104
1143
4333
4330
2222

79
1144
1103
4333
4330
2222

80
1144
1133
4333
4300
2222

81
1144
1133
4333
4322
2200

82
1144
1133
4333
4322
0220

83
1144
1133
4333
0322
4220

84
1144
1133
4333
0322
4022

85
1144
1133
4333
0322
0422

86
1144
1133
0333
4322
0422

87
1144
1133
0333
0322
4422

88
1144
1133
3033
3022
4422

89
1144
1133
3033
3422
4022

90
1144
1133
3033
3422
4220

91
1144
1133
3433
3022
4220

92
1144
1133
3433
3220
4220

93
1144
1130
3433
3223
4220

94
1144
1130
3430
3223
4223

95
1144
1103
3403
3223
4223

96
1104
1143
3403
3223
4223

97
1104
1103
3443
3223
4223

98
0114
0113
3443
3223
4223

99
0114
3113
3443
0223
4223

100
0114
3113
3443
2203
4223

101
3114
3113
0443
2203
4223

102
3114
3113
0403
2243
4223

103
3114
3113
0043
2243
4223

104
3114
3113
2243
0043
4223

105
3114
3113
2243
4043
0223

106
3114
3113
2243
4043
2203

107
3114
3113
2243
4403
2203

108
3114
3113
2243
4430
2230

109
3114
3110
2243
4433
2230

110
3114
3110
2240
4433
2233

111
3114
3110
2204
4433
2233

112
3114
3110
0224
4433
2233

113
3114
3110
4224
0433
2233

114
3114
3114
4220
0433
2233

115
3114
3114
4022
0433
2233

116
3114
3114
0422
0433
2233

117
0114
3114
3422
0433
2233

118
0114
0114
3422
3433
2233

119
1104
1104
3422
3433
2233

120
1140
1104
3422
3433
2233

121
1144
1100
3422
3433
2233

122
1144
1122
3400
3433
2233

123
1144
1122
3403
3433
2230

124
1144
1122
3433
3433
2200

125
1144
1122
3433
3433
0220

126
1144
1122
3433
3433
0022

127
1144
1122
0433
3433
3022

128
1144
1122
0433
3033
3422

129
1144
1122
0033
3433
3422

130
0044
1122
1133
3433
3422

131
0404
1122
1133
3433
3422

132
4004
1122
1133
3433
3422

133
4040
1122
1133
3433
3422

134
4400
1122
1133
3433
3422

135
4422
1100
1133
3433
3422

136
4422
1130
1133
3403
3422

137
4422
1130
1133
3043
3422

138
4422
1130
1133
3443
3022

139
4422
1130
1133
3443
3220

140
4422
1130
1130
3443
3223

141
4422
1103
1103
3443
3223

142
4422
0113
0113
3443
3223

143
4422
0113
3113
3443
0223

144
0422
4113
3113
3443
0223

145
0422
4113
3113
3443
2203

146
4022
4113
3113
3443
2203

147
4220
4113
3113
3443
2203

148
4223
4113
3110
3443
2203

149
4223
4113
3110
3403
2243

150
4223
4113
3110
3043
2243

151
4223
4113
3113
3043
2240

152
4223
4113
3113
3043
2204

153
4223
4113
3113
3003
2244

154
4223
4003
3113
3113
2244

155
4223
0403
3113
3113
2244

156
0223
4403
3113
3113
2244

157
2203
4403
3113
3113
2244

158
2230
4430
3113
3113
2244

159
2230
4433
3113
3110
2244

160
2233
4433
3110
3110
2244

161
2233
4433
3011
3011
2244

162
2233
4033
3411
3011
2244

163
2233
0433
3411
3011
2244

164
2233
3433
3411
0011
2244

165
2233
3433
3411
2211
0044

166
2233
3433
3411
2211
0404

167
2233
3433
3411
2211
4004

168
2233
3433
3411
2211
4040

169
2233
3433
3411
2211
4400

170
2233
3433
3400
2211
4411

171
2233
3433
3040
2211
4411

172
2233
3433
3004
2211
4411

173
2203
3433
3034
2211
4411

174
0223
3433
3034
2211
4411

175
3223
3433
0034
2211
4411

176
3223
3433
2234
0011
4411

177
3223
3433
2234
0411
4011

178
3223
3433
2234
4011
4011

179
3223
3433
2234
4110
4110

